qvals<-c(
-8.051744995	,
-3.714030166	,
-3.204497632	,
-2.972759342	,
-2.797714657	,
-2.654321645	,
-2.547977767	,
-2.456836652	,
-2.370516339	,
-2.29726957	,
-2.240395598	,
-2.186589631	,
-2.125932437	,
-2.073883156	,
-2.034609534	,
-1.992060758	,
-1.947366038	,
-1.911468516	,
-1.877631581	,
-1.848537815	,
-1.819746802	,
-1.7875705	,
-1.762452103	,
-1.731581347	,
-1.706729628	,
-1.679172672	,
-1.654757101	,
-1.629796559	,
-1.608316836	,
-1.586569508	,
-1.564503658	,
-1.546476772	,
-1.527754139	,
-1.511050544	,
-1.493791462	,
-1.476288614	,
-1.458740046	,
-1.442396998	,
-1.426911037	,
-1.409462922	,
-1.3922614	,
-1.376389347	,
-1.361893975	,
-1.347116718	,
-1.334544066	,
-1.319961156	,
-1.305581299	,
-1.291856096	,
-1.280015839	,
-1.266690158	,
-1.25454111	,
-1.242541728	,
-1.228564002	,
-1.217754296	,
-1.205824325	,
-1.195606416	,
-1.18529478	,
-1.175396265	,
-1.164050577	,
-1.152614685	,
-1.142599784	,
-1.131650676	,
-1.118941917	,
-1.109684682	,
-1.100094595	,
-1.089638271	,
-1.080397373	,
-1.070761461	,
-1.062424254	,
-1.053745019	,
-1.045369102	,
-1.037922938	,
-1.030207109	,
-1.022121864	,
-1.013488937	,
-1.005121161	,
-0.996950924	,
-0.989170502	,
-0.981035903	,
-0.97259595	,
-0.964105442	,
-0.956623457	,
-0.949387824	,
-0.942203725	,
-0.934343806	,
-0.926881973	,
-0.919648177	,
-0.912044265	,
-0.905257253	,
-0.897771841	,
-0.891184098	,
-0.884866877	,
-0.877742877	,
-0.871409732	,
-0.865143267	,
-0.859215205	,
-0.852694939	,
-0.846034984	,
-0.839989938	,
-0.833687891	,
-0.827090755	,
-0.821329763	,
-0.814920285	,
-0.808373744	,
-0.802387819	,
-0.796474327	,
-0.790298351	,
-0.784194499	,
-0.778183781	,
-0.772320613	,
-0.76628182	,
-0.761210966	,
-0.755677499	,
-0.750625268	,
-0.744769531	,
-0.739284413	,
-0.734523325	,
-0.728839292	,
-0.723217533	,
-0.718711336	,
-0.713779997	,
-0.708535196	,
-0.703905372	,
-0.698897613	,
-0.693477961	,
-0.688875931	,
-0.684173078	,
-0.678812707	,
-0.673690118	,
-0.66897189	,
-0.664828536	,
-0.660298998	,
-0.655721159	,
-0.651476779	,
-0.647191138	,
-0.642824628	,
-0.638170066	,
-0.633599382	,
-0.629502043	,
-0.625281718	,
-0.620561134	,
-0.616424178	,
-0.612163764	,
-0.608375256	,
-0.604386052	,
-0.600421728	,
-0.596396177	,
-0.592308685	,
-0.588141723	,
-0.584081468	,
-0.57947485	,
-0.575583763	,
-0.571296644	,
-0.566522195	,
-0.562338549	,
-0.557772794	,
-0.553589652	,
-0.54942242	,
-0.54541095	,
-0.541928248	,
-0.538079384	,
-0.534602692	,
-0.530024818	,
-0.526310765	,
-0.522239486	,
-0.518545386	,
-0.51496301	,
-0.511595832	,
-0.507933921	,
-0.504392562	,
-0.500789516	,
-0.497427808	,
-0.4942385	,
-0.490340632	,
-0.486838551	,
-0.483612585	,
-0.480221373	,
-0.477118627	,
-0.473622091	,
-0.470115557	,
-0.466638485	,
-0.463588124	,
-0.460648803	,
-0.456978101	,
-0.45407256	,
-0.451045321	,
-0.44802399	,
-0.444583722	,
-0.441469755	,
-0.438331888	,
-0.435075156	,
-0.431785505	,
-0.428564556	,
-0.425379739	,
-0.421488845	,
-0.418103065	,
-0.414916901	,
-0.411921996	,
-0.408911913	,
-0.406073338	,
-0.403207571	,
-0.399788749	,
-0.396339432	,
-0.393436833	,
-0.390044516	,
-0.386553357	,
-0.383749255	,
-0.380529625	,
-0.37781291	,
-0.374639207	,
-0.371595957	,
-0.368805013	,
-0.365998374	,
-0.363168098	,
-0.360322224	,
-0.357579203	,
-0.355019543	,
-0.352219328	,
-0.349286726	,
-0.346549358	,
-0.343643868	,
-0.340478018	,
-0.337564363	,
-0.334987219	,
-0.332048279	,
-0.329175205	,
-0.326742307	,
-0.324277033	,
-0.321299795	,
-0.318658415	,
-0.316096479	,
-0.313460684	,
-0.310426767	,
-0.307924294	,
-0.305106797	,
-0.302762567	,
-0.300331981	,
-0.297859857	,
-0.294989359	,
-0.292352735	,
-0.289703263	,
-0.287551718	,
-0.284922362	,
-0.282577063	,
-0.279569347	,
-0.277432064	,
-0.27521022	,
-0.272670823	,
-0.270408281	,
-0.267744903	,
-0.265268428	,
-0.263025711	,
-0.260711648	,
-0.258345912	,
-0.256004073	,
-0.254091531	,
-0.252096795	,
-0.24950678	,
-0.247206606	,
-0.244906694	,
-0.242492377	,
-0.24016141	,
-0.237974296	,
-0.235552671	,
-0.233223152	,
-0.230979741	,
-0.228393798	,
-0.225878172	,
-0.223584997	,
-0.2212652	,
-0.218894379	,
-0.216756368	,
-0.214533834	,
-0.211924673	,
-0.209776181	,
-0.207378489	,
-0.205319247	,
-0.203063107	,
-0.200915956	,
-0.198633831	,
-0.196295134	,
-0.194354235	,
-0.192384358	,
-0.190159735	,
-0.187883371	,
-0.185946184	,
-0.183713164	,
-0.181450274	,
-0.179527747	,
-0.177352336	,
-0.17518287	,
-0.173188556	,
-0.171124394	,
-0.168668233	,
-0.166683344	,
-0.164920314	,
-0.162921252	,
-0.160778108	,
-0.158845619	,
-0.156920377	,
-0.154898014	,
-0.152716189	,
-0.150828617	,
-0.14855599	,
-0.146625198	,
-0.144845797	,
-0.142543458	,
-0.140628617	,
-0.138758237	,
-0.136788864	,
-0.134836095	,
-0.132922689	,
-0.131150525	,
-0.1294035	,
-0.127496907	,
-0.12545448	,
-0.123439496	,
-0.121621768	,
-0.119663954	,
-0.117941672	,
-0.115864964	,
-0.114069869	,
-0.112224803	,
-0.110220639	,
-0.108223497	,
-0.106388536	,
-0.104448324	,
-0.102699223	,
-0.100875139	,
-0.099034166	,
-0.097070128	,
-0.095189236	,
-0.093540218	,
-0.091565607	,
-0.089700036	,
-0.087715401	,
-0.085862656	,
-0.084307924	,
-0.082646514	,
-0.080923121	,
-0.079212106	,
-0.077526226	,
-0.07564897	,
-0.073903901	,
-0.07212137	,
-0.070298284	,
-0.068558357	,
-0.066894849	,
-0.06515964	,
-0.063442637	,
-0.061617751	,
-0.059886238	,
-0.058018778	,
-0.056367949	,
-0.054741615	,
-0.052960275	,
-0.051295383	,
-0.049752792	,
-0.048227039	,
-0.04673499	,
-0.04512282	,
-0.043357686	,
-0.041664566	,
-0.039960909	,
-0.038232733	,
-0.036568965	,
-0.034812427	,
-0.033005523	,
-0.031323482	,
-0.029564875	,
-0.027977361	,
-0.026383325	,
-0.024673746	,
-0.023093865	,
-0.021372965	,
-0.019819068	,
-0.018204762	,
-0.016405907	,
-0.014766222	,
-0.013099369	,
-0.011499758	,
-0.009732582	,
-0.008045644	,
-0.006523399	,
-0.00511571	,
-0.003620768	,
-0.001958195	,
-0.000294422	,
0.001109283	,
0.002485148	,
0.004067553	,
0.00567128	,
0.007195054	,
0.008745635	,
0.010233803	,
0.011828004	,
0.013545558	,
0.014963544	,
0.01674174	,
0.01827746	,
0.019698068	,
0.021209806	,
0.022815696	,
0.024423534	,
0.025813716	,
0.027368514	,
0.029034177	,
0.03033602	,
0.031809453	,
0.033137117	,
0.034644154	,
0.036107114	,
0.037599739	,
0.038989977	,
0.040434981	,
0.042052678	,
0.043536991	,
0.044866885	,
0.04620062	,
0.047841829	,
0.049082715	,
0.050623932	,
0.051896216	,
0.053248966	,
0.054852925	,
0.056174194	,
0.057596551	,
0.059063329	,
0.060432196	,
0.061732457	,
0.06317001	,
0.064467545	,
0.065911434	,
0.067426315	,
0.068903459	,
0.070320999	,
0.071816349	,
0.073151714	,
0.074655645	,
0.07586804	,
0.077406704	,
0.078718727	,
0.08001518	,
0.081452977	,
0.082678956	,
0.084093266	,
0.085430701	,
0.086753438	,
0.088016148	,
0.089419721	,
0.090911835	,
0.092154603	,
0.09360454	,
0.094930522	,
0.096163017	,
0.097402021	,
0.098682695	,
0.100035714	,
0.101274066	,
0.102594346	,
0.103940577	,
0.105310764	,
0.106674407	,
0.108003905	,
0.109467239	,
0.11073125	,
0.111960624	,
0.113136345	,
0.114490833	,
0.115783168	,
0.117043101	,
0.118218658	,
0.119550816	,
0.120830574	,
0.121921651	,
0.123253751	,
0.124537235	,
0.125697992	,
0.126995194	,
0.128228958	,
0.129468319	,
0.130888798	,
0.132162783	,
0.133343607	,
0.134607817	,
0.135758497	,
0.137064744	,
0.138329261	,
0.139580824	,
0.140949538	,
0.142102498	,
0.143310998	,
0.144440965	,
0.145752404	,
0.146862504	,
0.148291825	,
0.149677322	,
0.150921287	,
0.152168492	,
0.153349478	,
0.154609951	,
0.155974121	,
0.157129886	,
0.15833355	,
0.15958756	,
0.160827123	,
0.162123996	,
0.163236007	,
0.164456711	,
0.165785279	,
0.166949348	,
0.168053631	,
0.169413535	,
0.170482734	,
0.171820921	,
0.172958893	,
0.174041608	,
0.175121662	,
0.176274567	,
0.177430678	,
0.17877576	,
0.179844883	,
0.180785322	,
0.181986877	,
0.183192283	,
0.18453441	,
0.185667119	,
0.186921813	,
0.188019659	,
0.189251769	,
0.19035385	,
0.191574613	,
0.192909832	,
0.194088275	,
0.195101128	,
0.196304211	,
0.197408419	,
0.198466681	,
0.199573089	,
0.200685064	,
0.201847878	,
0.203006548	,
0.204247458	,
0.2053797	,
0.206419539	,
0.207517288	,
